X Displacements: 
-3.65661e-06
-8.99944e-07
2.67579e-06
-0.00738654
-0.00937789
-0.0096647
-0.0762016
-0.00910274
0.0633502
-0.0983782
0.00232837
0.11417
Y Displacements: 
-8.43516e-07
1.0131e-06
-1.35746e-07
0.127807
0.1199
0.102789
0.0777904
0.0741537
0.0647547
-0.0713098
-0.100093
-0.136579
1 elements global stiffness matrix:
  0.445665   0.178571  -0.189255 -0.0137363  -0.222833  -0.178571 -0.0335775  0.0137363
  0.178571   0.584554  0.0137363  -0.292277  -0.178571  -0.292277 -0.0137363  -0.440324
 -0.189255  0.0137363   0.445665  -0.178571  -0.440324 -0.0137363  -0.222833   0.178571
-0.0137363  -0.292277  -0.178571   0.584554  0.0137363  -0.440324   0.178571  -0.292277
 -0.222833  -0.178571  -0.440324  0.0137363   0.445665   0.178571  -0.189255 -0.0137363
 -0.178571  -0.292277 -0.0137363  -0.440324   0.178571   0.584554  0.0137363   0.148046
-0.0335775 -0.0137363  -0.222833   0.178571  -0.189255  0.0137363   0.445665  -0.178571
 0.0137363  -0.440324   0.178571  -0.292277 -0.0137363   0.148046  -0.178571   0.584554
2 elements global stiffness matrix:
  0.445665   0.178571  -0.189255 -0.0137363  -0.222833  -0.178571 -0.0335775  0.0137363
  0.178571   0.584554  0.0137363  -0.292277  -0.178571  -0.292277 -0.0137363  -0.440324
 -0.189255  0.0137363   0.445665  -0.178571  -0.440324 -0.0137363  -0.222833   0.178571
-0.0137363  -0.292277  -0.178571   0.584554  0.0137363  -0.440324   0.178571  -0.292277
 -0.222833  -0.178571  -0.440324  0.0137363   0.445665   0.178571  -0.189255 -0.0137363
 -0.178571  -0.292277 -0.0137363  -0.440324   0.178571   0.584554  0.0137363   0.148046
-0.0335775 -0.0137363  -0.222833   0.178571  -0.189255  0.0137363   0.445665  -0.178571
 0.0137363  -0.440324   0.178571  -0.292277 -0.0137363   0.148046  -0.178571   0.584554
3 elements global stiffness matrix:
  0.445665   0.178571  -0.189255 -0.0137363  -0.222833  -0.178571 -0.0335775  0.0137363
  0.178571   0.584554  0.0137363  -0.292277  -0.178571  -0.292277 -0.0137363  -0.440324
 -0.189255  0.0137363   0.445665  -0.178571  -0.440324 -0.0137363  -0.222833   0.178571
-0.0137363  -0.292277  -0.178571   0.584554  0.0137363  -0.440324   0.178571  -0.292277
 -0.222833  -0.178571  -0.440324  0.0137363   0.445665   0.178571  -0.189255 -0.0137363
 -0.178571  -0.292277 -0.0137363  -0.440324   0.178571   0.584554  0.0137363   0.148046
-0.0335775 -0.0137363  -0.222833   0.178571  -0.189255  0.0137363   0.445665  -0.178571
 0.0137363  -0.440324   0.178571  -0.292277 -0.0137363   0.148046  -0.178571   0.584554
4 elements global stiffness matrix:
  0.445665   0.178571  -0.189255 -0.0137363  -0.222833  -0.178571 -0.0335775  0.0137363
  0.178571   0.584554  0.0137363  -0.292277  -0.178571  -0.292277 -0.0137363  -0.440324
 -0.189255  0.0137363   0.445665  -0.178571  -0.440324 -0.0137363  -0.222833   0.178571
-0.0137363  -0.292277  -0.178571   0.584554  0.0137363  -0.440324   0.178571  -0.292277
 -0.222833  -0.178571  -0.440324  0.0137363   0.445665   0.178571  -0.189255 -0.0137363
 -0.178571  -0.292277 -0.0137363  -0.440324   0.178571   0.584554  0.0137363   0.148046
-0.0335775 -0.0137363  -0.222833   0.178571  -0.189255  0.0137363   0.445665  -0.178571
 0.0137363  -0.440324   0.178571  -0.292277 -0.0137363   0.148046  -0.178571   0.584554
5 elements global stiffness matrix:
  0.445665   0.178571  -0.189255 -0.0137363  -0.222833  -0.178571 -0.0335775  0.0137363
  0.178571   0.584554  0.0137363  -0.292277  -0.178571  -0.292277 -0.0137363  -0.440324
 -0.189255  0.0137363   0.445665  -0.178571  -0.440324 -0.0137363  -0.222833   0.178571
-0.0137363  -0.292277  -0.178571   0.584554  0.0137363  -0.440324   0.178571  -0.292277
 -0.222833  -0.178571  -0.440324  0.0137363   0.445665   0.178571  -0.189255 -0.0137363
 -0.178571  -0.292277 -0.0137363  -0.440324   0.178571   0.584554  0.0137363   0.148046
-0.0335775 -0.0137363  -0.222833   0.178571  -0.189255  0.0137363   0.445665  -0.178571
 0.0137363  -0.440324   0.178571  -0.292277 -0.0137363   0.148046  -0.178571   0.584554
6 elements global stiffness matrix:
  0.445665   0.178571  -0.189255 -0.0137363  -0.222833  -0.178571 -0.0335775  0.0137363
  0.178571   0.584554  0.0137363  -0.292277  -0.178571  -0.292277 -0.0137363  -0.440324
 -0.189255  0.0137363   0.445665  -0.178571  -0.440324 -0.0137363  -0.222833   0.178571
-0.0137363  -0.292277  -0.178571   0.584554  0.0137363  -0.440324   0.178571  -0.292277
 -0.222833  -0.178571  -0.440324  0.0137363   0.445665   0.178571  -0.189255 -0.0137363
 -0.178571  -0.292277 -0.0137363  -0.440324   0.178571   0.584554  0.0137363   0.148046
-0.0335775 -0.0137363  -0.222833   0.178571  -0.189255  0.0137363   0.445665  -0.178571
 0.0137363  -0.440324   0.178571  -0.292277 -0.0137363   0.148046  -0.178571   0.584554
Correspondence matrix: 
 0  3  4  1
 1  4  5  2
 3  6  7  4
 4  7  8  5
 6  9 10  7
 7 10 11  8
System stiffness matrix before applying boundary conditions
  0.445665   0.178571 -0.0335775  0.0137363          0          0  -0.189255 -0.0137363  -0.222833  -0.178571          0          0          0          0          0          0          0          0          0          0          0          0          0          0
  0.178571   0.584554 -0.0137363  -0.440324          0          0  0.0137363  -0.292277  -0.178571  -0.292277          0          0          0          0          0          0          0          0          0          0          0          0          0          0
-0.0335775 -0.0137363   0.891331          0 -0.0335775  0.0137363  -0.222833   0.178571   -0.37851          0  -0.222833  -0.178571          0          0          0          0          0          0          0          0          0          0          0          0
 0.0137363  -0.440324          0    1.16911 -0.0137363  -0.440324   0.178571  -0.292277          0  -0.144231  -0.178571  -0.292277          0          0          0          0          0          0          0          0          0          0          0          0
         0          0 -0.0335775 -0.0137363   0.445665  -0.178571          0          0  -0.222833   0.178571  -0.189255  0.0137363          0          0          0          0          0          0          0          0          0          0          0          0
         0          0  0.0137363  -0.440324  -0.178571   0.584554          0          0   0.178571  -0.292277 -0.0137363   0.148046          0          0          0          0          0          0          0          0          0          0          0          0
 -0.189255  0.0137363  -0.222833   0.178571          0          0   0.891331          0  -0.473901          0          0          0  -0.189255 -0.0137363  -0.222833  -0.178571          0          0          0          0          0          0          0          0
-0.0137363  -0.292277   0.178571  -0.292277          0          0          0    1.16911          0  -0.880647          0          0  0.0137363  -0.292277  -0.178571  -0.292277          0          0          0          0          0          0          0          0
 -0.222833  -0.178571   -0.37851          0  -0.222833   0.178571  -0.473901          0    1.78266          0  -0.473901          0  -0.222833   0.178571   -0.37851          0  -0.222833  -0.178571          0          0          0          0          0          0
 -0.178571  -0.292277          0  -0.144231   0.178571  -0.292277          0  -0.880647          0    2.33822          0  -0.880647   0.178571  -0.292277          0  -0.144231  -0.178571  -0.292277          0          0          0          0          0          0
         0          0  -0.222833  -0.178571  -0.189255 -0.0137363          0          0  -0.473901          0   0.891331          0          0          0  -0.222833   0.178571  -0.189255  0.0137363          0          0          0          0          0          0
         0          0  -0.178571  -0.292277  0.0137363   0.148046          0          0          0  -0.880647          0    1.16911          0          0   0.178571  -0.292277 -0.0137363   0.148046          0          0          0          0          0          0
         0          0          0          0          0          0  -0.189255  0.0137363  -0.222833   0.178571          0          0   0.891331          0  -0.473901          0          0          0  -0.189255 -0.0137363  -0.222833  -0.178571          0          0
         0          0          0          0          0          0 -0.0137363  -0.292277   0.178571  -0.292277          0          0          0    1.16911          0  -0.880647          0          0  0.0137363  -0.292277  -0.178571  -0.292277          0          0
         0          0          0          0          0          0  -0.222833  -0.178571   -0.37851          0  -0.222833   0.178571  -0.473901          0    1.78266          0  -0.473901          0  -0.222833   0.178571   -0.37851          0  -0.222833  -0.178571
         0          0          0          0          0          0  -0.178571  -0.292277          0  -0.144231   0.178571  -0.292277          0  -0.880647          0    2.33822          0  -0.880647   0.178571  -0.292277          0  -0.144231  -0.178571  -0.292277
         0          0          0          0          0          0          0          0  -0.222833  -0.178571  -0.189255 -0.0137363          0          0  -0.473901          0   0.891331          0          0          0  -0.222833   0.178571  -0.189255  0.0137363
         0          0          0          0          0          0          0          0  -0.178571  -0.292277  0.0137363   0.148046          0          0          0  -0.880647          0    1.16911          0          0   0.178571  -0.292277 -0.0137363   0.148046
         0          0          0          0          0          0          0          0          0          0          0          0  -0.189255  0.0137363  -0.222833   0.178571          0          0   0.445665  -0.178571  -0.440324 -0.0137363          0          0
         0          0          0          0          0          0          0          0          0          0          0          0 -0.0137363  -0.292277   0.178571  -0.292277          0          0  -0.178571   0.584554  0.0137363  -0.440324          0          0
         0          0          0          0          0          0          0          0          0          0          0          0  -0.222833  -0.178571   -0.37851          0  -0.222833   0.178571  -0.440324  0.0137363   0.891331          0  -0.440324 -0.0137363
         0          0          0          0          0          0          0          0          0          0          0          0  -0.178571  -0.292277          0  -0.144231   0.178571  -0.292277 -0.0137363  -0.440324          0    1.16911  0.0137363  -0.440324
         0          0          0          0          0          0          0          0          0          0          0          0          0          0  -0.222833  -0.178571  -0.189255 -0.0137363          0          0  -0.440324  0.0137363   0.445665   0.178571
         0          0          0          0          0          0          0          0          0          0          0          0          0          0  -0.178571  -0.292277  0.0137363   0.148046          0          0 -0.0137363  -0.440324   0.178571   0.584554
System stiffness matrix: 
     1e-11          0          0          0          0          0          0          0          0          0          0          0          0          0          0          0          0          0          0          0          0          0          0          0
         0      1e-11          0          0          0          0          0          0          0          0          0          0          0          0          0          0          0          0          0          0          0          0          0          0
         0          0      1e-11          0          0          0          0          0          0          0          0          0          0          0          0          0          0          0          0          0          0          0          0          0
         0          0          0      1e-11          0          0          0          0          0          0          0          0          0          0          0          0          0          0          0          0          0          0          0          0
         0          0          0          0      1e-11          0          0          0          0          0          0          0          0          0          0          0          0          0          0          0          0          0          0          0
         0          0          0          0          0      1e-11          0          0          0          0          0          0          0          0          0          0          0          0          0          0          0          0          0          0
         0          0          0          0          0          0   0.891331          0  -0.473901          0          0          0  -0.189255 -0.0137363  -0.222833  -0.178571          0          0          0          0          0          0          0          0
         0          0          0          0          0          0          0    1.16911          0  -0.880647          0          0  0.0137363  -0.292277  -0.178571  -0.292277          0          0          0          0          0          0          0          0
         0          0          0          0          0          0  -0.473901          0    1.78266          0  -0.473901          0  -0.222833   0.178571   -0.37851          0  -0.222833  -0.178571          0          0          0          0          0          0
         0          0          0          0          0          0          0  -0.880647          0    2.33822          0  -0.880647   0.178571  -0.292277          0  -0.144231  -0.178571  -0.292277          0          0          0          0          0          0
         0          0          0          0          0          0          0          0  -0.473901          0   0.891331          0          0          0  -0.222833   0.178571  -0.189255  0.0137363          0          0          0          0          0          0
         0          0          0          0          0          0          0          0          0  -0.880647          0    1.16911          0          0   0.178571  -0.292277 -0.0137363   0.148046          0          0          0          0          0          0
         0          0          0          0          0          0  -0.189255  0.0137363  -0.222833   0.178571          0          0   0.891331          0  -0.473901          0          0          0  -0.189255 -0.0137363  -0.222833  -0.178571          0          0
         0          0          0          0          0          0 -0.0137363  -0.292277   0.178571  -0.292277          0          0          0    1.16911          0  -0.880647          0          0  0.0137363  -0.292277  -0.178571  -0.292277          0          0
         0          0          0          0          0          0  -0.222833  -0.178571   -0.37851          0  -0.222833   0.178571  -0.473901          0    1.78266          0  -0.473901          0  -0.222833   0.178571   -0.37851          0  -0.222833  -0.178571
         0          0          0          0          0          0  -0.178571  -0.292277          0  -0.144231   0.178571  -0.292277          0  -0.880647          0    2.33822          0  -0.880647   0.178571  -0.292277          0  -0.144231  -0.178571  -0.292277
         0          0          0          0          0          0          0          0  -0.222833  -0.178571  -0.189255 -0.0137363          0          0  -0.473901          0   0.891331          0          0          0  -0.222833   0.178571  -0.189255  0.0137363
         0          0          0          0          0          0          0          0  -0.178571  -0.292277  0.0137363   0.148046          0          0          0  -0.880647          0    1.16911          0          0   0.178571  -0.292277 -0.0137363   0.148046
         0          0          0          0          0          0          0          0          0          0          0          0  -0.189255  0.0137363  -0.222833   0.178571          0          0   0.445665  -0.178571  -0.440324 -0.0137363          0          0
         0          0          0          0          0          0          0          0          0          0          0          0 -0.0137363  -0.292277   0.178571  -0.292277          0          0  -0.178571   0.584554  0.0137363  -0.440324          0          0
         0          0          0          0          0          0          0          0          0          0          0          0  -0.222833  -0.178571   -0.37851          0  -0.222833   0.178571  -0.440324  0.0137363   0.891331          0  -0.440324 -0.0137363
         0          0          0          0          0          0          0          0          0          0          0          0  -0.178571  -0.292277          0  -0.144231   0.178571  -0.292277 -0.0137363  -0.440324          0    1.16911  0.0137363  -0.440324
         0          0          0          0          0          0          0          0          0          0          0          0          0          0  -0.222833  -0.178571  -0.189255 -0.0137363          0          0  -0.440324  0.0137363   0.445665   0.178571
         0          0          0          0          0          0          0          0          0          0          0          0          0          0  -0.178571  -0.292277  0.0137363   0.148046          0          0 -0.0137363  -0.440324   0.178571   0.584554
Nodal forces: 
-1.96804e+06
-7.08276e+06
 1.18159e+06
 -8.4283e+06
 2.67427e+06
-2.13693e+06
     106.189
    -16.0043
     68.5585
     127.088
    -48.4917
    -11.8744
-1.16415e-09
 9.31323e-10
-9.31323e-10
-3.72529e-09
 2.88128e-09
 2.09548e-09
-3.20142e-10
    -2.5e+06
  3.7835e-10
      -5e+06
 1.39698e-09
    -2.5e+06
Elements deformations: 
0.00211353 1.25622e-08 2.04198e-07
-0.000293031 6.49895e-08 2.64869e-07
-0.00208168 0.0183487 -0.000147507
-0.0182451 0.0133625 0.0241297
-0.00069302 0.00166059 0.0385391
0.0130621 -0.00187238 0.0426473
Elements strains: 
-0.296046 -0.0888302 2.61006
-0.515244 -0.154444 2.30577
-0.158669 -10.0457 -0.930796
-4.18814 -1.88304 1.07754
-1.8511 -2.47423 -0.285091
1.99039 -1.83526 0.620284
Elements shape functions: 
0 -3 -8.43516e-07
0 0 -8.99944e-07
0 3 1.0131e-06
4 -3 2.67579e-06
4 0 -1.35746e-07
4 3 -0.00738654
8 -3 0.127807
8 0 -0.00937789
8 3 0.1199
12 -3 -0.0096647
12 0 0.102789
12 3 -0.0762016
